0.141310457
0.246015017
0.060686938
0.732372828
0.410057429
0.662307942
0.529021839
0.211442589
0.931932597
0.334429492
0.634986947
0.146772149
0.01568697
0.302319743
0.69760978
0.547190709
0.552111037
0.839573726
0.447161871
0.40472448
0.445391839
0.966770513
0.014337828
0.6117842
0.702117853
0.558527987
0.570941271
0.027519103
0.148810688
0.184865275
0.189502771
0.717469544
0.207139547
0.114937874
0.379894732
0.767034488
0.3566068
0.492389893
0.651162755
0.550857344
0.218780181
0.121587929
0.566236242
0.454788445
0.692029408
0.398530055
0.470205396
0.859543452
0.138745163
0.464893339
